10 100 10 110      
0 0 t 4.592578 0.673238 6 0 0 0 0
1 0 t 4.743034 0.345317 6 30 0 0 0
2 0 t 1.879177 3.3688 6 44 0 0 0
3 0 t 2.063814 1.792505 6 36.5 0 0 0
4 0 t 4.305399 4.674062 6 15 0 0 0
5 0 t 3.709525 4.069033 6 20 0 0 0
6 0 t 3.819697 4.247871 6 34 0 0 0
7 0 t 4.093142 1.256447 6 40.5 0 0 0
0 0 w 4.474471 3.801538 10 10 1 10 88.168
1 0 w 4.240852 1.916105 10 10 1 10 85.0368
8 1 t 3.282266 2.172918 6 5 0 0 0
9 1 t 1.753746 2.714469 6 40.5 0 0 0
10 1 t 4.924924 2.645497 6 21 0 0 0
11 1 t 1.924955 3.395032 6 42 0 0 0
12 1 t 1.915799 4.492477 6 17.5 0 0 0
13 1 t 0.012665 0.788751 6 27 0 0 0
14 1 t 1.536149 1.009095 6 18.5 0 0 0
2 1 w 2.290872 3.484298 10 10 1 10 80.1538
3 1 w 3.4268 1.605426 10 10 10 10 43.5163
15 2 t 1.005585 0.655843 6 19.5 0 0 0
16 2 t 0.721458 4.453566 6 13 0 0 0
17 2 t 0.912351 1.571398 6 25.5 0 0 0
18 2 t 2.556688 1.132847 6 10 0 0 0
19 2 t 3.809473 2.731101 6 6 0 0 0
20 2 t 3.252968 0.390637 6 42.5 0 0 0
21 2 t 3.321329 2.177496 6 26.5 0 0 0
22 2 t 3.552202 0.481735 6 11 0 0 0
4 2 w 4.687185 4.54741 10 10 1 10 52.1805
5 2 w 0.240486 4.833979 10 10 1 10 25.1474
6 2 w 1.175573 1.611225 10 10 1 20 87.0022
23 3 t 1.992096 2.248909 6 11 0 0 0
24 3 t 3.491318 3.657338 6 35.5 0 0 0
25 3 t 3.441725 1.402936 6 36.5 0 0 0
26 3 t 1.616565 4.676351 6 45.5 0 0 0
27 3 t 2.627644 0.986511 6 5.5 0 0 0
28 3 t 1.454665 2.688986 6 4.5 0 0 0
29 3 t 0.965148 0.593585 6 14.5 0 0 0
7 3 w 2.907041 3.575091 10 10 1 10 48.9792
30 4 t 3.312479 1.663869 6 12.5 0 0 0
31 4 t 3.278146 2.793359 6 4.5 0 0 0
32 4 t 2.574847 1.068453 6 48 0 0 0
33 4 t 0.186773 4.451125 6 6.5 0 0 0
34 4 t 2.227241 1.014435 6 28 0 0 0
35 4 t 1.592151 2.020783 6 12 0 0 0
36 4 t 3.710898 1.301157 6 48 0 0 0
37 4 t 4.92111 3.561357 6 49 0 0 0
8 4 w 2.956481 4.316538 10 10 1 10 50.9507
9 4 w 1.933805 1.856594 10 10 1 10 31.187
38 5 t 4.810327 1.20014 6 37.5 0 0 0
39 5 t 2.397687 4.355907 6 36 0 0 0
40 5 t 3.780175 3.517258 6 23.5 0 0 0
41 5 t 1.356853 2.84051 6 31 0 0 0
42 5 t 3.129521 2.232429 6 13 0 0 0
43 5 t 1.366466 1.960509 6 39 0 0 0
44 5 t 4.788507 2.747887 6 36 0 0 0
45 5 t 0.764184 3.783685 6 20.5 0 0 0
46 6 t 4.511093 4.072848 6 12.5 0 0 0
47 6 t 4.210639 4.855342 6 31.5 0 0 0
48 6 t 3.428907 3.063601 6 34 0 0 0
49 6 t 3.368175 1.074252 6 30 0 0 0
50 6 t 1.938994 4.920347 6 43.5 0 0 0
51 7 t 1.940214 2.610706 6 11 0 0 0
52 7 t 0.802942 0.780816 6 35.5 0 0 0
53 7 t 3.102207 0.260933 6 7 0 0 0
54 7 t 2.347179 0.18067 6 35 0 0 0
55 7 t 0.126194 3.713492 6 44 0 0 0
56 7 t 3.088168 4.582659 6 34.5 0 0 0
57 7 t 3.238014 3.276467 6 36 0 0 0
58 7 t 2.17719 1.578875 6 9 0 0 0
59 8 t 1.095767 1.058687 6 6 0 0 0
60 8 t 2.532273 1.404004 6 43.5 0 0 0
61 8 t 0.990783 3.413495 6 10.5 0 0 0
62 8 t 4.795984 0.21363 6 29.5 0 0 0
63 8 t 0.669271 1.141392 6 10.5 0 0 0
64 8 t 0.355235 1.286813 6 8 0 0 0
65 9 t 3.448897 1.914121 6 9 0 0 0
66 9 t 3.887143 1.28666 6 12 0 0 0
67 9 t 0.351115 3.602405 6 9.5 0 0 0
68 9 t 1.205329 1.311075 6 8.5 0 0 0
69 9 t 4.476913 1.888791 6 32 0 0 0
70 10 t 0.706656 1.13712 6 26.5 0 0 0
71 10 t 1.686758 4.05118 6 15.5 0 0 0
72 10 t 0.064852 1.227607 6 48.5 0 0 0
73 10 t 1.282693 4.228339 6 24 0 0 0
74 10 t 2.622913 2.75811 6 24 0 0 0
75 10 t 4.877163 0.71688 6 40 0 0 0
76 10 t 3.434095 4.875637 6 13.5 0 0 0
77 10 t 2.445296 1.532945 6 6.5 0 0 0
78 10 t 1.231727 1.175573 6 27.5 0 0 0
79 11 t 4.510178 3.179876 6 32 0 0 0
80 11 t 0.928068 1.682028 6 30.5 0 0 0
81 11 t 0.935545 3.785974 6 12.5 0 0 0
82 11 t 3.692892 0.157781 6 43 0 0 0
83 11 t 1.806085 1.155278 6 10.5 0 0 0
84 11 t 3.481399 2.890255 6 42.5 0 0 0
85 11 t 0.77868 1.01062 6 44 0 0 0
86 11 t 3.654134 1.876431 6 45.5 0 0 0
87 11 t 3.583941 2.809076 6 13 0 0 0
88 12 t 2.732475 2.515641 6 8.5 0 0 0
89 12 t 1.471145 1.008637 6 14 0 0 0
90 12 t 0.413373 4.168065 6 12.5 0 0 0
91 12 t 2.400891 3.993652 6 50 0 0 0
92 12 t 4.370403 3.031709 6 50 0 0 0
93 12 t 2.310404 4.636525 6 50 0 0 0
94 12 t 0.855892 4.430982 6 50 0 0 0
95 12 t 0.637684 1.895505 6 50 0 0 0
96 13 t 1.505478 2.607501 6 50 0 0 0
97 13 t 4.236732 2.178716 6 50 0 0 0
98 13 t 1.490829 0.11185 6 50 0 0 0
99 13 t 3.171178 4.911496 6 50 0 0 0
