10 100 20 110      
0 1 t 0.3859 0.3453 6 0.4 0 0 0
1 1 t 0.4131 0.522 6 0.3 0 0 0
2 1 t 0.1253 0.6038 6 0.6 0 0 0
3 1 t 0.3859 0.3453 6 0.8 0 0 0
4 1 t 0.0426 0.5599 6 0.6 0 0 0
5 1 t 0.1371 0.3861 6 0 0 0 0
6 1 t 0.2115 0.6185 6 0.5 0 0 0
7 1 t 0.4788 0.035 6 0.3 0 0 0
8 1 t 0.3866 0.518 6 0.9 0 0 0
9 1 t 0.554 0.3066 6 0.4 0 0 0
10 1 t 0.2582 0.2786 6 0.4 0 0 0
11 1 t 0.3993 0.3334 6 0.1 0 0 0
12 1 t 0.3324 0.1298 6 0.7 0 0 0
13 1 t 0.3866 0.518 6 0.4 0 0 0
0 1 w 0.5829 0.2548 1 10 0.1 6 1
1 1 w 0.5667 0.5663 1 10 0.1 6 1
2 1 w 0.3342 0.5287 1 10 0.1 6 1
14 2 t 0.2508 0.2633 6 0.3 0 0 0
15 2 t 0.7058 0.6777 6 0.2 0 0 0
16 2 t 0.2083 0.6202 6 0.1 0 0 0
17 2 t 0.6143 0.7513 6 0.4 0 0 0
18 2 t 0.2152 0.6349 6 0 0 0 0
19 2 t 0.0944 0.6342 6 0.2 0 0 0
20 2 t 0.3804 0.0323 6 0.4 0 0 0
21 2 t 0.2785 0.3969 6 0.8 0 0 0
22 2 t 0.496 0.1835 6 0.1 0 0 0
23 2 t 0.1075 0.4868 6 0.8 0 0 0
24 2 t 0.3907 0.5122 6 0.3 0 0 0
25 2 t 0.3172 0.5641 6 5.7 0 0 0
26 2 t 0.0879 0.3099 6 19.2 0 0 0
27 2 t 0.3516 0.1307 6 15.5 0 0 0
28 2 t 0.6606 0.0336 6 10.5 0 0 0
29 2 t 0.4179 0.7056 6 17.6 0 0 0
30 2 t 0.1308 0.6231 6 10.9 0 0 0
31 2 t 0.2642 0.4343 6 15.1 0 0 0
32 2 t 0.717 0.0618 6 12.2 0 0 0
33 2 t 0.2452 0.4369 6 1.5 0 0 0
34 2 t 0.2507 0.2702 6 17.1 0 0 0
35 2 t 0.2633 0.0395 6 14.4 0 0 0
36 2 t 0.051 0.324 6 3.7 0 0 0
37 2 t 0.5354 0.5748 6 8.8 0 0 0
38 2 t 0.209 0.541 6 1 0 0 0
3 2 w 0.0244 0.3387 1 10 0.1 6 1
4 2 w 0.708 0.0954 1 10 0.1 6 1
5 2 w 0.2797 0.8431 1 10 0.1 6 1
6 2 w 0.5866 0.5522 1 10 0.1 6 1
39 3 t 0.0801 0.2482 6 7.5 0 0 0
40 3 t 0.3749 0.0969 6 2.7 0 0 0
41 3 t 0.8795 0.1007 6 11 0 0 0
42 3 t 0.4051 0.4197 6 8.7 0 0 0
43 3 t 0.3778 0.0336 6 9.7 0 0 0
44 3 t 0.4196 0.353 6 13.5 0 0 0
45 3 t 0.3748 0.6209 6 6.9 0 0 0
46 3 t 0.2122 0.6377 6 12.7 0 0 0
47 3 t 0.1936 0.1186 6 19.7 0 0 0
48 3 t 0.1078 0.4386 6 4.3 0 0 0
49 3 t 0.2413 0.3585 6 14.3 0 0 0
50 3 t 0.7195 0.357 6 0.4 0 0 0
51 3 t 0.6705 0.5608 6 0.3 0 0 0
52 3 t 0.3711 0.5384 6 0.5 0 0 0
53 3 t 0.2467 0.2703 6 0 0 0 0
54 3 t 0.0753 0.6521 6 0.3 0 0 0
55 3 t 0.5743 0.0518 6 0.8 0 0 0
56 3 t 0.222 0.2272 6 0.1 0 0 0
57 3 t 0.2162 0.328 6 0.8 0 0 0
58 3 t 0.7192 0.0693 6 0.6 0 0 0
59 3 t 0.3056 0.7337 6 1 0 0 0
60 3 t 0.587 0.5302 6 0.2 0 0 0
61 3 t 0.2336 0.0141 6 0.7 0 0 0
62 3 t 0.1084 0.4391 6 0 0 0 0
63 3 t 0.3209 0.3183 6 0.3 0 0 0
64 3 t 0.0286 0.4515 6 0.1 0 0 0
65 3 t 0.3963 0.3396 6 0.9 0 0 0
66 3 t 0.0695 0.4148 6 1 0 0 0
67 3 t 0.2127 0.6801 6 0.9 0 0 0
68 3 t 0.0203 0.3752 6 0.7 0 0 0
69 3 t 0.2142 0.3261 6 0.4 0 0 0
70 3 t 0.266 0.362 6 0.9 0 0 0
71 3 t 0.1238 0.155 6 0.1 0 0 0
72 3 t 0.1639 0.1127 6 0.7 0 0 0
73 3 t 0.6538 0.2584 6 0.7 0 0 0
7 3 w 0.0094 0.3045 1 10 0.1 6 1
74 4 t 0.7833 0.3645 6 0.5 0 0 0
75 4 t 0.2724 0.509 6 7 0 0 0
76 4 t 0.3888 0.1484 6 5 0 0 0
77 4 t 0.4408 0.3241 6 13.3 0 0 0
78 4 t 0.3425 0.5678 6 17.1 0 0 0
79 4 t 0.1485 0.0074 6 7.7 0 0 0
80 4 t 0.2839 0.3884 6 4.3 0 0 0
81 4 t 0.0218 0.6795 6 17.9 0 0 0
82 4 t 0.173 0.3674 6 1.7 0 0 0
83 4 t 0.0858 0.3805 6 10.1 0 0 0
84 4 t 0.378 0.4162 6 1.9 0 0 0
85 4 t 0.1519 0.316 6 6.8 0 0 0
86 4 t 0.0621 0.7505 6 7.4 0 0 0
87 4 t 0.5567 0.4777 6 16.3 0 0 0
88 4 t 0.3836 0.7746 6 3.5 0 0 0
89 4 t 0.3405 0.1984 6 15.7 0 0 0
90 4 t 0.5437 0.0352 6 17.6 0 0 0
91 4 t 0.4923 0.1466 6 10.3 0 0 0
92 4 t 0.7049 0.6734 6 11.3 0 0 0
93 4 t 0.4408 0.3241 6 10.7 0 0 0
94 4 t 0.2175 0.6344 6 12.2 0 0 0
95 4 t 0.4596 0.4537 6 19.4 0 0 0
96 4 t 0.1098 0.3658 6 11.7 0 0 0
97 4 t 0.0507 0.5377 6 13.9 0 0 0
98 4 t 0.0343 0.3512 6 7.1 0 0 0
99 4 t 0.7793 0.3703 6 1 0 0 0
8 4 w 0.2077 0.1332 1 10 0.1 6 1
9 4 w 0.4734 0.47 1 10 0.1 6 1
